
Player A, Health=100, Energy=   118, Score=  2457, IronCurtainAvailable= Yes
Player B, Health= 75, Energy=    37, Score=  1803, IronCurtainAvailable= Yes
[0E 0][1A 0][2  0][3  0][4  0][5  0][6  0][7D 0][7D 0][6  0][5  0][4  0][<  0][2  0][1A 0][0E 0]
[0E 1][1A 1][2  1][3  1][4  1][5  1][6  1][7  >][7D 1][6  1][5  1][4  1][3  1][2  1][1  1][0  1]
[0E 2][1A 2][2  2][3  2][4  2][5  2][6  2][7D 2][7D 2][6  2][5  2][4  2][3  2][2  2][1  2][0E 2]
[0E 3][1A 3][2  3][3  3][4  3][5  3][6  3][7D 3][7  3][6  3][5  3][4  3][3  3][2  3][1  3][0E 3]
[0E 4][1A 4][2A 4][3  >][4  >][5  4][6  4][7D 4][7d 4][6  4][5  4][4  >][3  4][2  4][1  4][0E 4]
[0E 5][1A 5][2  5][3  >][4  5][5  5][6A 5][7D 5][7d 5][6  5][5  5][4  >][3  5][2  5][1  5][0  5]
[0E 6][1A 6][2  6][3  6][4  6][5  6][6  6][7d >][7  6][6  6][5  6][4  6][3  6][2  6][1  6][0E 6]
[0E 7][1A 7][2A 7][3A 7][4A >][5A 7][6A 7][7d 7][7  >][< >>][5  7][4  >][3  >][2  7][1  7][0  7]
