
Player A, Health=100, Energy=   119, Score=  1842, IronCurtainAvailable= Yes
Player B, Health= 95, Energy=    71, Score=  1771, IronCurtainAvailable= Yes
[0E0][1A0][2 0][3 0][4 0][5 0][6 0][7 >][7d0][6 0][5 0][4 0][3 0][2 0][1 0][0E0]
[0E1][1a1][2 1][3 1][4 1][5 1][6 1][7 1][7 1][6 1][5 1][4 1][3 1][2 1][1 1][0E1]
[0E2][1A2][2 2][3 2][4 2][5 >][6 2][7 2][7d2][6 2][5 2][4 2][3 2][2 2][1 2][0E2]
[0E3][1 3][2 3][3 3][4 3][5 3][6 3][7 3][7 3][6 3][5 3][4 3][3 3][2 3][1 3][0E3]
[0E4][1 4][2 4][3 4][4 4][5 4][6 4][7D4][7 4][6 4][5 4][4 4][< 4][2 4][1A4][0E4]
[0E5][1A5][2 5][3 >][4 5][5 5][6 5][7 5][7D5][6 5][5 5][4 5][3 5][2 5][1 5][0E5]
[0A6][1A6][2A6][3A6][4A>][5A6][6A>][7D>][7 6][6a6][5 6][4 6][3 6][2 6][1 >][0 >]
[0E7][1 7][2 7][3 7][4 7][5 7][6 7][7 7][7 7][6 7][5 7][4 7][3 7][2 7][1 7][0E7]
