
Player A, Health=100, Energy=   101, Score=  1651, IronCurtainAvailable= Yes
Player B, Health=100, Energy=    83, Score=  1659, IronCurtainAvailable= Yes
[0E 0][1A 0][2  0][3  0][4  0][5  0][6  0][7  0][7  0][6  0][5  0][4  0][3  0][2  0][1  0][0E 0]
[0E 1][1  1][2  1][3  1][4  1][5  1][6  1][7  1][7  1][6  1][5  1][4  1][3  1][2  1][1  1][0E 1]
[0E 2][1  2][2  2][3  2][4  2][5  2][6  2][7  2][7  2][6  2][5  2][4  2][3  2][2  2][1  2][0E 2]
[0E 3][1  3][2  3][3  3][4  3][5  3][6  3][7  3][7  3][6  3][5  3][4  3][3  3][2  3][1  3][0E 3]
[0E 4][1  4][2  4][3  4][4  4][5  4][6  4][7D 4][7  4][6  4][<  4][4  4][3  4][2  4][1A 4][0E 4]
[0E 5][1A 5][2  5][3  5][4  5][5  >][6  5][7  5][7d 5][6  5][5  5][4  5][3  5][2  5][1  5][0E 5]
[0A 6][1A 6][2A 6][3A >][4A 6][5a 6][6A>>][7D 6][7d>>][6a >][5  6][4  >][3  6][2  6][1  6][0  6]
[0E 7][1  7][2  7][3  7][4  7][5  7][6  7][7  7][7  7][6  7][5  7][4  7][3  7][2  7][1  7][0E 7]
