
Player A, Health= 95, Energy=    40, Score=  1939, IronCurtainAvailable= Yes
Player B, Health=100, Energy=   118, Score=  2100, IronCurtainAvailable= Yes
[0 E0][1  0][2  0][3  0][4  0][5  0][6  0][7 D0][7 D0][6 A0][5  0][4  0][3  0][2  0][1  0][0 E0]
[0 E1][1  1][2  1][3  1][4  1][5  1][6  1][7  1][7  1][6  1][5  1][4  1][3  1][2  1][1  1][0 E1]
[0 E2][1  2][2  2][3  2][4  2][5  2][6  2][7  2][7  2][6  2][5  2][4  2][3  2][2  2][1  2][0 E2]
[<  3][1  3][2  3][<< 3][4  3][5  3][6  3][7 D3][< D3][6 A3][5 A3][<  3][3 A3][2 A3][1 A3][0 E3]
[0 E4][1  4][2  4][3  4][4  4][5  4][6  4][7  4][7  4][6  4][5  4][4  4][3  4][2  4][1  4][0 E4]
[0 E5][1  5][2  5][3  5][4  5][5  5][6  5][7  5][7  5][6  5][5  5][4  5][3  5][2  5][1  5][0 E5]
[0 E6][1  6][2  6][3  6][4  6][5  6][6  6][7  6][7  6][6  6][5  6][4  6][3  6][2  6][1  6][0 E6]
[0 E7][1  7][2 A7][3 A7][<  7][5 a7][6  7][<<d>][< d>][6  7][<  7][4 A7][3 A7][2 A7][1 A7][0 E7]
