
Player A, Health=100, Energy=   117, Score=   763, IronCurtainAvailable= No
Player B, Health=100, Energy=    99, Score=   744, IronCurtainAvailable= No
[0 E 0][1   0][2   0][3   0][4   0][5   0][6   0][7 D 0][7   0][6   0][5   0][4   0][3   0][2   0][1 A 0][0 E 0]
[0 E 1][1   1][2   1][3   1][4   1][5   1][6   1][7   1][7   1][6   1][5   1][4   1][3   1][2   1][1   1][0 E 1]
[0 E 2][1   2][2   2][3   2][4   2][5   2][6   2][7   2][7   2][6   2][5   2][4   2][3   2][2   2][1   2][0 E 2]
[0 E 3][1   3][2   3][3   3][4   3][5   3][6   3][7   3][7   3][6   3][5   3][4   3][3   3][2   3][1   3][0 E 3]
[0 E 4][1   4][2   4][3   4][4   4][5   4][6   4][7   4][7   4][6   4][5   4][4   4][3   4][2   4][1   4][0 E 4]
[0 E 5][1   5][2   5][3   5][4   5][5   5][6 A 5][7 D 5][7 D 5][6 A 5][5   5][4   5][3   5][2   5][1   5][0   5]
[0 E 6][1   6][2   6][3   6][4   6][5   6][6   6][7   6][7   6][6   6][5   6][4   6][3   6][2   6][1   6][0 E 6]
[0 E 7][1 A 7][2 A 7][3 A 7][4 A 7][5 A >][6   7][7 d >][<<d>>][6   7][5 A 7][< A 7][3 A 7][2 A 7][1   7][0 E 7]
