
Player A, Health=100, Energy=    72, Score=   967, IronCurtainAvailable= Yes
Player B, Health=100, Energy=    42, Score=  1001, IronCurtainAvailable= Yes
[0E 0][1  0][2  0][3  0][4  0][5  0][6  0][7  0][7  0][6  0][5  0][4  0][3  0][2  0][1  0][0E 0]
[0E 1][1  1][2  1][3  1][4  1][5  1][6  1][7  1][7  1][6  1][5  1][4  1][3  1][2  1][1  1][0E 1]
[0E 2][1  2][2  2][3  2][4  2][5  2][6  2][7  2][7  2][6  2][5  2][4  2][3  2][2  2][1  2][0E 2]
[0E 3][1  3][2  3][3  3][4  3][5  3][6  3][7  3][7  3][6  3][5  3][4  3][3  3][2  3][1  3][0E 3]
[0A 4][1  4][2  4][3  4][4  4][5  4][6  >][7  4][7D 4][6A 4][5  4][4  4][3  4][2  4][1  4][0E 4]
[0E 5][1  5][2  5][3  5][4  5][5  5][6  5][7  5][7  5][6  5][5  5][4  5][3  5][2  5][1  5][0E 5]
[0E 6][1A 6][2A 6][3  6][4  6][5A 6][6a 6][7D>>][<D 6][6  6][<  >][4A 6][3A 6][2A 6][1A 6][0a 6]
[0E 7][1  7][2  7][3  7][4  7][5  7][6  7][7  7][7  7][6  7][5  7][4  7][3  7][2  7][1  7][0E 7]
