
Player A, Health= 15, Energy=    42, Score=  2477, IronCurtainAvailable= Yes
Player B, Health=100, Energy=   102, Score=  4023, IronCurtainAvailable= Yes
[0E0][1 0][< 0][< 0][4 0][5 0][6 0][7D0][7D0][6A0][< 0][4 0][3 0][2 0][1A0][0E0]
[0E1][1 1][2 1][3 1][4 1][5 1][6 1][7D1][7D1][6 1][5 1][4 1][3 1][2a1][1A1][0E1]
[0E2][1 2][2 2][3 2][4 2][5 2][6 2][7d2][7D2][6 2][< 2][4 2][3 2][2 2][1A2][0E2]
[0 3][1 3][2 3][3 3][4 3][5 3][< 3][7 3][<D3][6A3][5A3][< 3][3A3][2A3][1A3][0E3]
[0E4][1 4][2 4][3 4][< 4][5 4][6 4][7D4][7 4][6 4][5 4][4 4][< 4][2 4][1A4][0E4]
[0E5][1 5][2 5][3 5][4 5][5 5][6 5][7D5][7D5][6 5][< 5][4 5][3 5][2 5][1A5][0E5]
[0E6][1 6][2 6][3 6][4 6][5 6][6 6][7 6][7D6][6 6][5 6][4 6][< 6][2 6][1A6][0E6]
[< 7][< 7][< 7][< 7][4 7][< 7][< 7][7d7][<D7][<A7][<A7][4A7][3A7][2A7][1A7][0E7]
