
Player A, Health=  5, Energy=    32, Score=  2507, IronCurtainAvailable= Yes
Player B, Health=100, Energy=   101, Score=  4221, IronCurtainAvailable= Yes
[0 0][< 0][2 0][3 0][4 0][5 0][6 0][7D0][<D0][6A0][5 0][4 0][3 0][2a0][1A0][0E0]
[0E1][1 1][2 1][3 1][4 1][5 1][6 1][7D1][7D1][6 1][5 1][< 1][< 1][2A1][1A1][0E1]
[0E2][1 2][2 2][3 2][4 2][5 2][6 2][7d2][<D2][6 2][5 2][4 2][3 2][2 2][1A2][0E2]
[0 3][1 3][2 3][3 3][< 3][5 3][< 3][7d3][7D3][<A3][5A3][4 3][<A3][2A3][1A3][0E3]
[0E4][1 4][< 4][3 4][4 4][5 4][6 4][7D4][7 4][6 4][< 4][4 4][3 4][2 4][1A4][0E4]
[0E5][1 5][2 5][3 5][4 5][5 5][6 5][7D5][<D5][6 5][5 5][4 5][3 5][2 5][1A5][0E5]
[0E6][1 6][2 6][3 6][4 6][5 6][6 6][7 6][7D6][6 6][< 6][4 6][3 6][2 6][1A6][0E6]
[< 7][< 7][2 7][< 7][< 7][5 7][6 7][7D7][<D7][6A7][5A7][<A7][3A7][2A7][1A7][0E7]
