
Player A, Health= 65, Energy=    37, Score=  1610, IronCurtainAvailable= Yes
Player B, Health=100, Energy=   124, Score=  2317, IronCurtainAvailable= Yes
[0E0][1 0][2 0][3 0][4 0][5 0][6 0][7D0][7D0][6 0][5 0][4 0][3 0][2 0][1A0][0E0]
[0E1][1 1][2 1][3 1][4 1][5 1][6 1][7D1][7d1][6 1][5 1][4 1][3 1][2 1][1 1][0E1]
[0E2][1 2][2 2][3 2][4 2][5 2][6 2][7D2][7D2][6 2][< 2][4 2][3 2][2 2][1A2][0E2]
[0E3][1 3][2 3][3 3][4 3][5 3][6 3][7 3][7 3][6 3][5 3][4 3][3 3][2 3][1 3][0E3]
[0E4][1 4][2 4][3 4][< 4][5 4][6 4][7D4][7D4][6 4][5 4][4 4][< 4][2 4][1A4][0E4]
[0E5][1 5][2 5][3 5][4 5][5 5][6 5][7 5][7D5][6 5][5 5][4 5][3 5][2 5][1 5][0E5]
[0E6][1A6][2 6][3 6][4 6][5 6][6 6][7D>][7d6][6 6][5 6][4 6][< 6][2 6][1A6][0E6]
[0 7][1 7][2 7][3 7][4 7][5A7][< 7][7d>][7d7][6A7][5A7][<A7][3A7][2A7][1A7][0E7]
