
Player A, Health= 65, Energy=    45, Score=  1793, IronCurtainAvailable= Yes
Player B, Health=100, Energy=   115, Score=  2470, IronCurtainAvailable= Yes
[0E0][1 0][2 0][3 0][4 0][5 0][6 0][7 0][7 0][6 0][5 0][4 0][3 0][2 0][1 0][0E0]
[0E1][1 1][2 1][3 1][4 1][5 1][6 1][7 1][7D1][6 1][5 1][4 1][3 1][2 1][1 1][0E1]
[0E2][1 2][2 2][3 2][4 2][5 2][6 2][7 2][7 2][6 2][5 2][4 2][3 2][2 2][1 2][0E2]
[0E3][1 3][2 3][3 3][4 3][5 3][6 3][7 3][7 3][6 3][5 3][4 3][3 3][2 3][1 3][0E3]
[0A4][1 4][2 4][3 4][4 4][5 4][6 >][7D4][7D4][6A4][5 4][4 4][3 4][2 4][1 4][0E4]
[0E5][1 5][2 5][3 5][4 5][< 5][6 5][7d5][7D5][6A5][5 5][4 5][3 5][2 5][1 5][0E5]
[0 6][1 6][< 6][< 6][4 6][5 6][6 6][< 6][7E6][6A6][<A6][4A6][3A6][2A6][1A6][0A6]
[0E7][1 7][2 7][3 7][4 7][5 7][6A7][7D7][7d7][6a7][5 >][4 7][3 7][2 7][1A7][0E7]
