
Player A, Health= 30, Energy=    21, Score=  2071, IronCurtainAvailable= Yes
Player B, Health=100, Energy=   106, Score=  3411, IronCurtainAvailable= Yes
[0 E0][1  0][2  0][3  0][4  0][5  0][6  0][7  0][7 d0][6  0][5  0][4  0][3  0][2  0][1  0][0 E0]
[0 E1][1  1][2  1][3  1][4  1][5  1][6  1][7  1][7 D1][6  1][5  1][4  1][3  1][2  1][1  1][0 E1]
[0 E2][1  2][2  2][3  2][4  2][5  2][6  2][7  2][7 d2][6  2][5  2][4  2][3  2][2  2][1  2][0 E2]
[0 E3][1  3][2  3][3  3][4  3][5  3][6  3][7  3][7 d3][6  3][5  3][4  3][3  3][2  3][1  3][0 E3]
[0 A4][1  4][2  4][3  4][4  4][5  4][6  4][7 d4][7 D4][6 A4][5  4][4  4][3  4][2  4][1  4][0 E4]
[0  5][1  5][2  5][3  5][4  5][5  5][6  5][7 D5][7 D5][6 A5][5  5][4  5][3  5][2  5][1  5][0 E5]
[0  6][<  6][<  6][<  6][<  6][<< 6][6  6][7 d6][< E6][6 A6][< A6][4 A6][3 A6][< A6][1 A6][0 A6]
[0 E7][1  7][2  7][3  7][4  7][5  7][6  7][7 D7][<  >][6 A7][< A7][4 A7][3 A7][2 A7][1 A7][0 E7]
