
Player A, Health=100, Energy=    56, Score=  1787, IronCurtainAvailable= Yes
Player B, Health=100, Energy=    92, Score=  1856, IronCurtainAvailable= Yes
[0E0][1 0][2 0][3 0][4 0][5 0][6 0][7d0][7D0][6A0][5 0][4 0][3 0][2 0][1 0][0E0]
[0E1][1 1][2 1][3 1][4 1][5 1][6 1][7 1][7 1][6 1][5 1][4 1][3 1][2 1][1 1][0E1]
[0E2][1 2][2 2][3 2][4 2][5 2][6 2][7 2][7 2][6 2][5 2][4 2][3 2][2 2][1 2][0E2]
[< 3][1 3][2 3][3 3][4 3][5 3][6 3][7 3][<D3][6A3][5A3][< 3][3A3][2A3][1A3][0E3]
[0E4][1 4][2 4][3 4][4 4][5 4][6 4][7 4][7 4][6 4][5 4][4 4][3 4][2 4][1 4][0E4]
[0E5][1 5][2 5][3 5][4 5][5 5][6 5][7 5][7 5][6 5][5 5][4 5][3 5][2 5][1 5][0E5]
[0E6][1 6][2 6][3 6][4 6][5 6][6 6][7 6][7 6][6 6][5 6][4 6][3 6][2 6][1 6][0E6]
[0E7][1 7][2a7][3A7][4A7][5A7][6A7][< >][7D7][6A7][<A7][4A7][3A7][2a7][1 7][0E7]
