
Player A, Health= 25, Energy=    18, Score=  2092, IronCurtainAvailable= Yes
Player B, Health=100, Energy=   108, Score=  3696, IronCurtainAvailable= Yes
[0E0][1 0][2 0][3 0][4 0][5 0][6 0][7D0][7D0][< 0][5 0][4 0][3 0][2A0][1A0][0E0]
[0E1][1 1][2 1][3 1][4 1][5 1][6 1][7D1][<D1][6 1][5 1][4 1][3 1][2 1][1A1][0E1]
[0 2][1 2][2 2][3 2][4 2][5 2][6 2][7D2][7D2][6D2][< 2][4 2][3 2][2A2][1A2][0E2]
[0E3][1 3][2 3][3 3][4 3][5 3][6 3][7D3][<D3][6D3][5 3][< 3][3 3][2A3][1A3][0E3]
[0 4][1 4][2 4][3 4][4 4][5 4][6 4][7d4][7D4][6 4][5 4][4 4][< 4][2 4][1A4][0E4]
[0 5][1 5][2 5][3 5][4 5][5 5][6 5][7D5][7D5][6D5][< 5][< 5][3 5][2A5][1A5][0E5]
[0 6][1 6][2 6][3 6][4 6][5 6][6 6][7D>][7d6][6D6][5 6][4 6][< 6][2A6][1A6][0E6]
[0 7][< 7][2 7][< 7][< 7][5 7][6 7][7D7][7D7][6A7][5A7][<A7][3A7][2A7][1A7][0E7]
