XXXXXXXXX GAME INFO XXXXXXXXX
Round Number : 70
Maximum Amount Of Rounds : 400
Map Width : 16
Map Height : 8
Round Income Energy : 5
XXXXXXXXXXXXXXXXXXXXXXXXXXXXX

****** BUILDING STATS ******
type;health;constructionTime;price;weaponDamage;weaponSpeed;weaponCooldownPeriod;energyGeneratedPerTurn;destroyMultiplier;constructionScore
ATTACK;5;1;30;5;2;3;0;1;4;
DEFENSE;20;3;30;0;0;0;0;1;10;
ENERGY;5;1;20;0;0;0;3;1;3;
TESLA;5;10;100;20;0;10;0;10;20;
*****************************

***** IRON CURTAIN STATS ****
price;activeRounds;resetPeriod;constructionScore
100;6;30;20;
*****************************

---------- PLAYER A ----------
Energy : 103
Health : 100
HitsTaken : 0
Score : 4000
IronCurtainAvailable : 1
ActiveIronCurtainLifetime : -10
------------------------------

---------- PLAYER B ----------
Energy : 21
Health : 0
HitsTaken : 20
Score : 2150
IronCurtainAvailable : 1
ActiveIronCurtainLifetime : -10
------------------------------

############# MAP #############
[0,0,E,0,0][1,0,N,0,0][2,0,N,0,0][3,0,N,0,0][4,0,N,0,0][5,0,N,0,0][6,0,N,0,0][7,0,D,0,0][8,0,N,0,0][9,0,N,0,0][10,0,N,0,0][11,0,N,0,0][12,0,N,0,0][13,0,N,0,0][14,0,N,0,0][15,0,E,0,0]
[0,1,E,0,0][1,1,N,0,0][2,1,N,0,0][3,1,N,0,0][4,1,N,0,0][5,1,N,0,0][6,1,N,0,0][7,1,D,0,0][8,1,N,0,0][9,1,N,0,0][10,1,N,0,0][11,1,N,0,0][12,1,N,0,0][13,1,N,0,0][14,1,N,0,0][15,1,E,0,0]
[0,2,E,0,0][1,2,N,0,0][2,2,N,0,0][3,2,N,0,0][4,2,N,0,0][5,2,N,0,0][6,2,N,0,0][7,2,D,0,0][8,2,N,0,0][9,2,N,0,0][10,2,N,0,0][11,2,N,0,0][12,2,N,0,0][13,2,N,0,0][14,2,N,0,0][15,2,E,0,0]
[0,3,E,0,0][1,3,N,0,0][2,3,N,0,0][3,3,N,0,0][4,3,N,0,0][5,3,N,0,0][6,3,N,0,0][7,3,D,0,0][8,3,N,0,0][9,3,N,0,0][10,3,N,0,0][11,3,N,0,0][12,3,N,0,0][13,3,N,0,0][14,3,N,0,0][15,3,E,0,0]
[0,4,E,0,0][1,4,N,0,0][2,4,N,0,0][3,4,N,0,0][4,4,N,0,0][5,4,N,0,0][6,4,A,0,0][7,4,D,0,0][8,4,D,0,0][9,4,N,0,1][10,4,N,0,0][11,4,N,0,0][12,4,N,0,0][13,4,N,0,0][14,4,N,0,0][15,4,A,0,0]
[0,5,E,0,0][1,5,N,0,0][2,5,N,0,0][3,5,a,0,0][4,5,A,0,0][5,5,A,0,0][6,5,A,1,0][7,5,D,0,0][8,5,N,0,0][9,5,N,0,0][10,5,N,0,0][11,5,N,0,0][12,5,N,0,0][13,5,N,0,0][14,5,N,0,0][15,5,N,0,0]
[0,6,A,0,0][1,6,A,0,0][2,6,A,0,0][3,6,A,0,0][4,6,A,0,0][5,6,A,1,0][6,6,A,0,0][7,6,E,0,0][8,6,N,1,0][9,6,N,0,0][10,6,N,0,0][11,6,N,0,0][12,6,N,1,0][13,6,N,1,0][14,6,N,0,0][15,6,N,0,0]
[0,7,E,0,0][1,7,A,0,0][2,7,A,0,0][3,7,A,0,0][4,7,A,0,0][5,7,A,1,0][6,7,N,1,0][7,7,N,0,0][8,7,d,1,0][9,7,a,0,0][10,7,N,0,0][11,7,N,2,0][12,7,N,0,0][13,7,N,0,0][14,7,N,0,0][15,7,E,0,0]
###############################

######## BUILDING DATA #########
FORMAT : [x,y] Owner|BuildingType|ConstructionTimeLeft|Health|WeaponCooldownTimeLeft|WeaponDamage|EnergyGeneratedPerTurn 

[15,0] B|ENERGY|-69|5|0|0|3
[0,0] A|ENERGY|-69|5|0|0|3
[15,1] B|ENERGY|-66|5|0|0|3
[0,1] A|ENERGY|-66|5|0|0|3
[15,2] B|ENERGY|-64|5|0|0|3
[0,2] A|ENERGY|-64|5|0|0|3
[15,3] B|ENERGY|-62|5|0|0|3
[0,3] A|ENERGY|-62|5|0|0|3
[0,4] A|ENERGY|-60|5|0|0|3
[0,5] A|ENERGY|-59|5|0|0|3
[15,7] B|ENERGY|-57|5|0|0|3
[0,7] A|ENERGY|-57|5|0|0|3
[6,4] A|ATTACK|-53|5|3|5|0
[3,6] A|ATTACK|-48|5|0|5|0
[2,6] A|ATTACK|-47|5|1|5|0
[1,6] A|ATTACK|-46|5|2|5|0
[15,4] B|ATTACK|-43|5|1|5|0
[0,6] A|ATTACK|-36|5|0|5|0
[4,6] A|ATTACK|-27|5|1|5|0
[6,6] A|ATTACK|-23|5|1|5|0
[5,6] A|ATTACK|-22|5|2|5|0
[7,5] A|DEFENSE|-16|20|0|0|0
[7,1] A|DEFENSE|-15|20|0|0|0
[7,6] A|ENERGY|-15|5|0|0|3
[6,5] A|ATTACK|-14|5|2|5|0
[5,7] A|ATTACK|-11|5|1|5|0
[7,4] A|DEFENSE|-8|10|0|0|0
[4,7] A|ATTACK|-9|5|3|5|0
[3,7] A|ATTACK|-8|5|0|5|0
[2,7] A|ATTACK|-7|5|1|5|0
[1,7] A|ATTACK|-6|5|2|5|0
[7,0] A|DEFENSE|-3|20|0|0|0
[7,3] A|DEFENSE|-2|20|0|0|0
[8,4] B|DEFENSE|-1|15|0|0|0
[7,2] A|DEFENSE|-1|20|0|0|0
[5,5] A|ATTACK|-2|5|2|5|0
[8,7] B|DEFENSE|1|20|0|0|0
[4,5] A|ATTACK|-1|5|3|5|0
[9,7] B|ATTACK|0|5|0|5|0
[3,5] A|ATTACK|0|5|0|5|0
###############################

####### MISSILE DATA ########
FORMAT : [x,y] Owner|Damage|Speed 

[13,6] A|5|2
[11,7] A|5|2
[8,6] A|5|2
[9,4] B|5|2
[12,6] A|5|2
[11,7] A|5|2
[8,7] A|5|2
[5,6] A|5|2
[5,7] A|5|2
[6,7] A|5|2
[6,5] A|5|2
###############################
