
Player A, Health=100, Energy=   108, Score=  1163, IronCurtainAvailable= Yes
Player B, Health=100, Energy=    63, Score=  1107, IronCurtainAvailable= Yes
[0E0][1 0][2 0][3 0][4 0][5 0][6 0][7D0][7 0][6 0][5 0][4 0][< 0][2 0][1A0][0E0]
[0E1][1A1][2 1][3 1][4 1][5 1][6 1][7 >][7D1][6 1][5 1][4 1][3 1][2 1][1 1][0E1]
[0E2][1 2][2 2][3 2][4 2][5 2][6 2][7 2][7 2][6 2][5 2][4 2][3 2][2 2][1 2][0E2]
[0E3][1 3][2 3][3 3][4 3][5 3][6 3][7 3][7 3][6 3][5 3][4 3][3 3][2 3][1 3][0E3]
[0E4][1 4][2 4][3 4][4 4][5 4][6 4][7 4][7 4][6 4][5 4][4 4][3 4][2 4][1 4][0E4]
[0E5][1A5][2 5][3 >][4 5][5 5][6A5][7D5][7d5][6 5][5 5][4 5][3 5][2 5][1 5][0 5]
[0E6][1 6][2 6][3 6][4 6][5 6][6 6][7 6][7 6][6 6][5 6][4 6][3 6][2 6][1 6][0E6]
[0E7][1A7][2A7][3 7][4a>][5A7][6A7][7D>][7D7][<a7][5 7][4 7][3 7][2A7][1 7][0E7]
