
Player A, Health= 45, Energy=    46, Score=  1996, IronCurtainAvailable= Yes
Player B, Health=100, Energy=   112, Score=  3173, IronCurtainAvailable= Yes
[0 E0][1  0][2  0][3  0][4  0][5  0][6  0][7 D0][7 D0][6  0][5  0][4  0][3  0][2  0][1 A0][0 E0]
[0 E1][1  1][2  1][3  1][4  1][5  1][6  1][7 D1][< D1][6  1][5  1][4  1][3  1][2  1][1 A1][0 E1]
[0 E2][1  2][<  2][3  2][4  2][5  2][6  2][7 D2][7 D2][6 d2][<  2][4  2][3  2][2  2][1 A2][0 E2]
[0 E3][1  3][2  3][3  3][4  3][5  3][6  3][7 D3][< D3][6 D3][5  3][<  3][3  3][2 A3][1 A3][0 E3]
[0  4][1  4][2  4][3  4][4  4][5  4][6  4][7 D4][7 D4][6  4][5  4][4  4][<  4][2  4][1 A4][0 E4]
[0 E5][1  5][<  5][3  5][4  5][5  5][6  5][7 d5][7 D5][6 D5][<  5][4  5][3  5][2  5][1 A5][0 E5]
[0 E6][1 A6][2  6][3  6][<  6][<  6][6  6][7 d>][7 D6][6 d6][5  6][4  6][<  6][2 A6][1 A6][0 E6]
[0  7][1  7][2  7][<  7][<  7][5  7][<< 7][7  7][7 D7][6 A7][5 A7][< A7][3 A7][2 A7][1 A7][0 E7]
