
Player A, Health=100, Energy=    97, Score=  1696, IronCurtainAvailable= Yes
Player B, Health=100, Energy=    79, Score=  1700, IronCurtainAvailable= Yes
[0E0][1A0][2 0][3 >][4 0][5 0][6 0][7 0][7d0][6 0][5 0][4 0][3 0][2 0][1 0][0E0]
[0E1][1 1][2 1][3 1][4 1][5 1][6 1][7 1][7 1][6 1][5 1][4 1][3 1][2 1][1 1][0E1]
[0E2][1a2][2 2][3 2][4 2][5 2][6 2][7 2][7 2][6 2][5 2][4 2][3 2][2 2][1 2][0E2]
[0E3][1 3][2 3][3 3][4 3][5 3][6 3][7 3][7 3][6 3][5 3][4 3][3 3][2 3][1 3][0E3]
[0E4][1 4][2 4][3 4][4 4][5 4][6 4][7D4][< 4][6 4][5 4][4 4][3 4][2 4][1A4][0E4]
[0E5][1A5][2 5][3 5][4 5][5 5][6 5][7 >][7d5][6 5][5 5][4 5][3 5][2 5][1 5][0E5]
[0A6][1A6][2A>][3A6][4A6][5A>][6A6][7D>][7D6][6 6][5 >][4 >][3 6][2 >][1 6][0 6]
[0E7][1 7][2 7][3 7][4 7][5 7][6 7][7 7][7 7][6 7][5 7][4 7][3 7][2 7][1 7][0E7]
