
Player A, Health=100, Energy=    87, Score=   761, IronCurtainAvailable= No
Player B, Health=100, Energy=    87, Score=   781, IronCurtainAvailable= No
[0E 0][1  0][2  0][3  0][4  0][5  0][6  0][7D 0][7D 0][6A 0][5  0][4  0][3  0][2  0][1  0][0E 0]
[0E 1][1  1][2  1][3  1][4  1][5  1][6  1][7  1][7  1][6  1][5  1][4  1][3  1][2  1][1  1][0E 1]
[0E 2][1  2][2  2][3  2][4  2][5  2][6  2][7  2][7  2][6  2][5  2][4  2][3  2][2  2][1  2][0E 2]
[0E 3][1A 3][2A 3][3A 3][4  >][5  3][6a 3][7D>>][<d 3][6  >][<a >][4A 3][3A 3][2A 3][1A 3][0E 3]
[0E 4][1  4][2  4][3  4][4  4][5  4][6  4][7  4][7  4][6  4][5  4][4  4][3  4][2  4][1  4][0E 4]
[0E 5][1  5][2  5][3  5][4  5][5  5][6  5][7  5][7  5][6  5][5  5][4  5][3  5][2  5][1  5][0E 5]
[0E 6][1  6][2  6][3  6][4  6][5  6][6  6][7  6][7  6][6  6][5  6][4  6][3  6][2  6][1  6][0E 6]
[0E 7][1  7][2  7][3  7][4  7][5  7][6  7][7  7][7  7][6  7][5  7][4  7][3  7][2  7][1  7][0E 7]
