
Player A, Health=100, Energy=    95, Score=  3115, IronCurtainAvailable= Yes
Player B, Health= 35, Energy=    25, Score=  1946, IronCurtainAvailable= Yes
[0E0][1 0][2 0][3 0][4 0][5 0][6 0][7 0][7 0][6 0][5 0][4 0][3 0][2 0][1 0][0E0]
[0E1][1 1][2 1][3 1][4 1][5 1][6A1][7D1][7D1][6 1][5 1][4 1][3 1][2 1][1 1][0A1]
[0E2][1A2][2 2][3A2][4A2][5A>][6A>][7D2][7d2][6 >][5 2][4 >][3 >][2 >][1 2][0E2]
[0E3][1A3][2 3][3 3][4 3][5 3][6 3][7 >][7D3][6 3][5 3][4 3][3 3][2 3][1 3][0 3]
[0E4][1 4][2 4][3 4][4 4][5 4][6 4][7 4][7 4][6 4][5 4][4 4][3 4][2 4][1 4][0E4]
[0A5][1A5][2A>][3A5][4A5][5a>][6A5][7d>][7d>][6 5][5 >][4 5][3 5][2 5][1 5][0 5]
[0E6][1 6][2 6][3 6][4 6][5 6][6 6][7 6][7 6][6 6][5 6][4 6][3 6][2 6][1 6][0E6]
[0E7][1 7][2 7][3 7][4 7][5 7][6 7][7 7][7 7][6 7][5 7][4 7][3 7][2 7][1 7][0E7]
