
Player A, Health=100, Energy=    97, Score=  1660, IronCurtainAvailable= Yes
Player B, Health=100, Energy=    49, Score=  1523, IronCurtainAvailable= Yes
[0E 0][1A 0][2  0][3  0][4  0][5  0][6  0][7  >][7d 0][6  0][5  0][4  0][3  0][2  0][1A 0][0E 0]
[0E 1][1A 1][2  1][3  1][4  1][5  >][6  1][7  1][7d 1][6  1][5  1][4  1][3  1][2  1][1  1][0E 1]
[0E 2][1  2][2  2][3  2][4  2][5  2][6  2][7d 2][7  2][6  2][5  2][4  2][3  2][2  2][1  2][0E 2]
[0E 3][1A 3][2  3][3  3][4  3][5  3][6  3][7  >][7D 3][6  3][5  3][4  3][3  3][2  3][1  3][0E 3]
[0E 4][1  4][2  4][3  4][4  4][5  4][6  4][7D 4][7  4][6  4][5  4][4  4][3  4][2  4][1  4][0E 4]
[0E 5][1A 5][2  5][3  5][4  5][5  5][6A 5][7D 5][7D 5][6  5][5  >][4  5][3  5][2  5][1  5][0  5]
[0E 6][1  6][2  6][3  6][4  6][5  6][6  6][7  6][7  6][6  6][5  6][4  6][3  6][2  6][1  6][0E 6]
[0E 7][1A 7][2A 7][3A 7][4A 7][5A 7][6a 7][7d>>][7  7][6  >][5 >>][<  7][3  7][2A 7][1  7][0E 7]
